05666666666666666666666666666666666666666666666700
05666666666666666666666666666666666666666666666700
05666666666666666666666666666666666666666666666700
05666666666666666666666666666666666666666666666700
05666666666666666666666666666666666666666666666700
05666666666666666666666666666666666666666666666700
05666666666666666666666666666666666666666666666700
05666666666666666666666666666666666666666666666700
05666666666666666666666666666666666666666666666700
08999999999999999999999669999999999999999999999a00
00000000000000000000000233400000000000000000000000
00000000000000000000000566700000000000000000000000
00000000000000000000000566700000000000000000000000
00000000000000000000000899a00000000000000000000000
00000000000000000000000000000000000000000000000000
00000000000000000000000000000000000000000000000000
00000000000000000000000000000000000000000000000000
00000000000000000000000000000000000000000000000000
00000000000000000000000000000000000000000000000000
00000000000010000000000000000000000000000000000000
00000000000000000000000000000000000000000000000000
00000000000000000000000000000000000010000000000000
00000000000000000000000000000000000000000000000000
00000000000000000000000000000000000000000000000000
00000000000000000000000000000000000000000000000000
00000000000000000000000000000000000000000000000000
00000000000000000000000000000000000000000000000000
00000000000000000000000000000000000000000000000000
00000000000000000000000000000000000000000000000000
00000000000000000000000000000000000000000000000000
00000000000010000000000000000000000000000000000000
00000000000000000000000000000000000000000000000000
00000000000000000000000000000000000000000000000000
00000000000000000000000000000000000000000000000000
00000000000000000000000000000000000000000000000000
00000000000000000000000000000000000000000000000000
00000000000000000000000000000000000000000000000000
00000000000000000000000000000000000000000000000000
00000000000000000000000000000000000000000000000000
00000000000000000000000000000000000000000000000000
00000000000000000000000000000000000000000000000000
00000000000000000000000000000000000000000000000000
00000000000000000000000000000000000000000000000000
00000000000000000000000000000000000000000000000000
00000000000000000000000000000000000000000000000000
00000000000000000000000000000000000000000000000000
00000000000000000000000000000000000000000000000000
00000000000000000000000000000000000000000000000000
00000000000000000000000000000000000000000000000000
00000000000000000000000000000000000000000000000000
00000000000000000000000000000000000000000000000000
00000000000000000000000000000000000000000000000000
00000000000000000000000000000000000000000000000000
00000000000000000000000000000000000000000000000000
00000000000233333333333333333333333333340000000000
00000000000566666666666666666666666666670000000000
00000000000566666666666666666666666666670000000000
00000000000566666666666666666666666666670000000000
00000000000566666666666666666666666666670000000000
00000000000566666666666666666666666666670000000000
00000000000566666666666666666666666666670000000000
00000000000566666666666666666666666666670000000000
00000000000566666666666666666666666666670000000000
00000000000566666666666666666666666666670000000000
00000000000566666666666666666666666666670000000000
00000000000566666666666666666666666666670000000000
00000000000566666666666666666666666666670000000000
00000000000566666666666666666666666666670000000000
00000000000566666666666666666666666666670000000000
00000000000566666666666666666666666666670000000000
00000000000566666666666666666666666666670000000000
000000000008999999999999999999999999999a0000000000
00000000000000000000000000000000000000000000000000
00000000000000000000000000000000000000000000000000
00000000000000000000000000000000000000000000000000
00000000000000000000000000000000000000000000000000
00000000000000000000000000000000000000000000000000
00000000000000000000000000000000000000000000000000
00000000000000000000000000000000000000000000000000
00000000000000000000000000000000000000000000000000
00000000000000000000000000000000000000000000000000
00000000000000000000000000000000000000000000000000
00000000000000000000000000000000000000000000000000
00000000000000000000000000000000000000000000000000
00000000000000000000000000000000000000000000000000
00000000000000000000000000000000000000000000000000
00000000000000000000000000000000000000000000000000
00000000000000000000000000000000000000000000000000
00000000000000000000000000000000000000000000000000
00000000000000000000000000000000000000000000000000
00000000000000000000000000000000000000000000000000
00000000000000000000000000000000000000000000000000
00000000000000000000000000000000000000000000000000
00000000000000000000000000000000000000000000000000
00000000000000000000000000000000000000000000000000
00000000000000000000000000000000000000000000000000
00000000000000000000000000000000000000000000000000
00000000000000000000000000000000000000000000000000
00000000000000000000000000000000000000000000000000
00000000000000000000000000000000000000000000000000
00000000000000000000000000000000000000000000000000
00000000000000000000000000000000000000000000000000
00000000000000000000000000000000000000000000000000
00000000000000000000000000000000000000000000000000
00000000000000000000000000000000000000000000000000
00000000000000000000000000000000000000000000000000
00000000000000000000000000000000000000000000000000
00000000000000000000000000000000000000000000000000
00000000000000000000000000000000000000000000000000
000000000000000000000000d0000000000000000000000000
000000000000000000000000b0000000000000000000000000
0000000000000000000000efhfg00000000000000000000000
000000000000000000000000b0000000000000000000000000
000000000000000000000000b0000000000000000000000000
000000000000000000000000b0000000000000000000000000
000000000000000000000000c0000000000000000000000000
00000000000002333333333333333333333400000000000000
00000000000005666666666666666666666700000000000000
00000000000005666666666666666666666700000000000000
00000000000005666666666666666666666700000000000000
00000000000005666666666666666666666700000000000000
00000000000005666666666666666666666700000000000000
00000000000005666666666666666666666700000000000000
00000000000005666666666666666666666700000000000000
00000000000005666666666666666666666700000000000000
00000000000005666666666666666666666700000000000000
00000000000005666666666666666666666700000000000000
00000000000005666666666666666666666700000000000000
00000000000005666666666666666666666700000000000000
00000000000008999999999999999999999a00000000000000
000000000000000000000000d0000000000000000000000000
000000000000000000000000b0000000000000000000000000
000000000000000000000000b0000000000000000000000000
000000000000000000000000b0000000000000000000000000
000000000000000000000000b0000000000000000000000000
000000000000000000000000b0000000000000000000000000
000000000000000000000000b0000000000000000000000000
000000000000000000000000b0000000000000000000000000
000000000000000000000000b0000000000000000000000000
000000000000000000000000b0000000000000000000000000
000000000000000000000000b0000000000000000000000000
000000000000000000000000b0000000000000000000000000
000000000000000000000000b0000000000000000000000000
000000000000000000000000b0000000000000000000000000
000000000000000000000000b0000000000000000000000000
000000000000000000000000b0000000000000000000000000
000000000000000000000000b0000000000000000000000000
000000000000000000000000b0000000000000000000000000
000000000000000000000000b0000000000000000000000000
000000000000000000000000b0000000000000000000000000
000000000000000000000000c0000000000000000000000000
00000000000000000023333333334000000000000000000000
00000000000000000056666666667000000000000000000000
00000000000000000056666666667000000000000000000000
00000000000000000056666666667effffg000000000000000
00000000000000000056666666667000000000000000000000
00000000000000000056666666667000000000000000000000
00000000000000effg56666666667000000000000000000000
00000000000000000056666666667000000000000000000000
0000000000000000008999999999a000000000000000000000
000000000000000000000000d0000000000000000000000000
000000000000000000000000b0000000000000000000000000
000000000000000000000000b0000000000000000000000000
000000000000000000000000b0000000000000000000000000
000000000000000000000000b0000000000000000000000000
000000000000000000000000b0000000000000000000000000
000000000000000000000000b0000000000000000000000000
000000000000000000000000b0000000000000000000000000
000000000000000000000000b0000000000000000000000000
000000000000000000000000b0000000000000000000000000
000000000000000000000000b0000000000000000000000000
000000000000000000000000b0000000000000000000000000
000000000000000000000000b0000000000000000000000000
000000000000000000000000b0000000000000000000000000
000000000000000000000000b0000000000000000000000000
000000000000000000000000c0000000000000000000000000
00000000000000000000023333400000000000000000000000
00000000000000000000056666700000000000000000000000
00000000000000000000056666700000000000000000000000
00000000000000000000056666700000000000000000000000
00000000000000000000089999a00000000000000000000000
000000000000000000000000d0000000000000000000000000
000000000000000000000000b0000000000000000000000000
000000000000000000000000b0000000000000000000000000
000000000000000000000000b0000000000000000000000000
000000000000000000000000b0000000000000000000000000
000000000000000000000000b0000000000000000000000000
000000000000000000000000c0000000000000000000000000
00000000000000000000000000000000000000000000000000
00000000000000000000000000000000000000000000000000
00000000000000001000000000000000100000000000000000
00000000000000000000000001000000000000000000000000
00000000100000000000000000000000000000000000000000
00000000000000000000000000000000000000100000000000
00000010000000000100000000000100000000000100000000
00000000000000000000000000000000000000000000000000
00000000000000100000001000000000000100000000000000
33333333333333333333333333333333333333333333333333
66666666666666666666666666666666666666666666666666
66666666666666666666666666666666666666666666666666
